$$$ $00$'$110101$,$1101001$-$11011111110$A$1111010$I$111010$M$1111011011$O$111101110$R$110111110$S$11011111111$T$111101100$Z$11110110101$a$0110$b$100001$c$100000$d$111110$e$1001$f$1101110$g$11000$h$11100$i$0111$j$1101111110$k$110110$l$111111$m$11001$n$010$o$1011$p$11011110$r$111100$s$10001$t$1010$u$111011$v$11110110100$w$111101111$y$1101000$
110111111111110010010011011110011010000011011010011111100011001110100000100001011011000100010011111101101000110100001001111100011100101000110111101111001001110111111101101110111111011111000111001010
111101101011001111100101100111001011111011111100110100100010011101010010011110101111011011
111101001011111000111010110101110010011000101101001001100010000110010011100011111000111000001101000100011000110110011110101001001000011101000001010111001001010
1110100011001011110001100010010101110010010010010110111100101011100001000110110011001111011100000111001101001001110100011001011110001100010011001110100000111101111011111011101001
11101010101101011000100111111101101010011111111101000001011111011101000011101000100011101111001101000001001
111101110010001000111101110000011100000110001010011111001100111111110011000110001001101110111111011111000111001010

111101001011111000111010001010111000111010110110000111101011010110001001100010110100100110001000011001000110001111111011010110001101001001111111011010110000010100111110011001
1101011111011000111111111001010101111101110000011100001111101011111101111010001000011111000111010110001000100110011001001111001011111011010111110000110110000110011101000101010110011011100111010111110
1110101101011100100010101110100010101110010010011001011001000101011100100111010000010101110001110101101100011101000011011001000110101000111001011110011001
1111011101110000010101100010101100010101100111010110101110010001100011110010111000001101101001101000110010110010
110111110101110000011011010011010001100101100100010000111101111110001001110101100000101111101110100011100011110001001101110111011100011001001110111101111000111001001111100100100011011111110110101001

111101001011111000111010001010111000111010110110000111101011010110001001100010110100100110001000011001000110001111111011010110001101001001111111011010110000010100111110011001
1101011111011000111111111001010101111101110000011100001111101011111101111010001000011111000111010110001000100110011001001111001011111011010111110000110110000110011101000101010110011011100111010111110
1110101101011100100010101110100010101110010010011001011001000101011100100111010000010101110001110101101100011101000011011001000110101000111001011110011001
1111011101110000010101100010101100010101100111010110101110010001100011110010111000001101101001101000110010110010
110111110101110000011011010011010001100101100100010000111101111110001001110101100000101111101110100011100011110001001101110111011100011001001110111101111000111001001111100100100011011111110110101001

111101101101101111001000100011001110101101011010001010111001001001101100111010111110001011110111000110111101111110110100000100100101010110011110001100111100011001001101000101111101111110000110110011111111010001
111010010001101110011010000010100001111010110101100010010000010111111111111100001101000100111001001111111111111
111101001011111000101011100100111110010011101011000100010101100101101010010010101110010011111001001001010101100111100011001111000110010010101110010011100100011111011100011010001011111011001111100111111110
11110100101111100001101111111111110010101110001111000100100011000000111100101010000010010011101000111110101101011010110100011101101011111010011111001000110100110010111110
11101010101101011000100110111111011101110001101000110011101000001101111110101110000100110111001111111011010010010011111001101101000100010001100011110111110011001110110
1111010001111001011100000110110100110100011001011001011010010001100011110010111000001101101001101000110010110010

111101001011111000111010001010111000111010110110000111101011010110001001100010110100100110001000011001000110001111111011010110001101001001111111011010110000010100111110011001
1101011111011000111111111001010101111101110000011100001111101011111101111010001000011111000111010110001000100110011001001111001011111011010111110000110110000110011101000101010110011011100111010111110
1110101101011100100010101110100010101110010010011001011001000101011100100111010000010101110001110101101100011101000011011001000110101000111001011110011001
1111011101110000010101100010101100010101100111010110101110010001100011110010111000001101101001101000110010110010
110111110101110000011011010011010001100101100100010000111101111110001001110101100000101111101110100011100011110001001101110111011100011001001110111101111000111001001111100100100011011111110110101001

111101001011111000111010001010111000111010110110000111101011010110001001100010110100100110001000011001000110001111111011010110001101001001111111011010110000010100111110011001
1101011111011000111111111001010101111101110000011100001111101011111101111010001000011111000111010110001000100110011001001111001011111011010111110000110110000110011101000101010110011011100111010111110
1110101101011100100010101110100010101110010010011001011001000101011100100111010000010101110001110101101100011101000011011001000110101000111001011110011001
1111011101110000010101100010101100010101100111010110101110010001100011110010111000001101101001101000110010110010
110111110101110000011011010011010001100101100100010000111101111110001001110101100000101111101110100011100011110001001101110111011100011001001110111101111000111001001111100100100011011111110110101001

111101001011111000111010001010111000111010110110000111101011010110001001100010110100100110001000011001000110001111111011010110001101001001111111011010110000010100111110011001
111101001011111000111010001010111000111010110110000111101011010110001001100010110100100110001000011001000110001111111011010110001101001001111111011010110000010100111110011001
111101001011111000111010001010111000111010110110000111101011010110001001100010110100100110001000011001000110001111111011010110001101001001111111011010110000010100111110011001
111101001011111000111010001010111000111010110110000111101011010110001001100010110100100110001000011001000110001111111011010110001101001001111111011010110000010100111110011001
111101001011111000111010001010111000111010110110000111101011010110001001100010110100100110001000011001000110001111111011010110001101001001111111011010110000010100111110011001
111101001011111000111010001010111000111010110110000111101011010110001001100010110100100110001000011001000110001111111011010110001101001001111111011010110000010100111110011001
111101001011111000111010001010111000111010110110000111101011010110001001100010110100100110001000011001000110001111111011010110001101001001111111011010110000010100111110011001
111101001011111000111010001010111000111010110110000111101011010110001001100010110100100110001000011001000110001111111011010110001101001001111111011010110000010100111110011001
